0
0
0
0
0
0
0
0
0
0
0
0
0
0
0
0
0
0
0
0
0
0
0
0
0
0
0
0
0
0
0
0
0
0
0
0
0
0
0
0
0
0
0
0
0
0
0
0
0
0
0
0
0
0
0
0
0
0
0
0
0
0
0
0
0
0
0
0
0
0
0
0
0
0
0
0
0
0
0
0
0
0
0
0
0
0
150
134
126
119
114
109
104
97
86
80
75
74
74
76
82
96
125
166
222
290
364
441
517
634
683
717
736
750
755
753
730
693
644
604
548
519
492
473
455
447
440
434
433
440
465
489
528
564
608
664
696
745
783
832
862
891
917
934
954
968
981
994
1009
1022
1038
1060
1075
1095
1103
1114
1116
1118
1118
1118
1118
1118
1118
1118
1118
1118
1110
1091
1066
1041
1001
972
940
908
873
842
808
760
731
695
663
645
618
597
565
539
514
489
474
457
434
414
390
364
339
314
297
270
251
230
210
190
182
176
174
174
174
174
174
174
174
174
174
174
174
174
174
174
174
174
174
174
174
174
171
166
162
155
146
135
124
117
110
104
98
93
89
86
83
82
82
82
82
82
82
83
88
96
106
119
134
149
164
186
200
213
226
239
253
269
285
302
321
338
354
370
385
399
420
434
456
474
495
518
535
564
586
609
629
651
666
693
714
731
748
763
780
797
815
830
845
860
872
885
900
914
936
967
975
981
981
981
981
981
981
981
981
981
981
981
981
981
981
981
981
981
981
981
981
981
981
981
981
985
990
1002
1016
1039
1053
1066
1080
1095
1110
1125
1137
1149
1158
1164
1172
1180
1186
1192
1197
1206
1209
1212
1214
1215
1217
1217
1218
1218
1218
1218
1218
1216
1213
1205
1194
1178
1157
1128
1099
1079
1060
1046
1035
1023
1006
990
977
965
951
941
929
917
904
891
876
861
839
825
798
778
763
735
726
710
678
657
636
612
589
567
551
527
508
493
466
442
417
374
360
328
296
275
260
252
242
237
232
231
229
229
229
229
229
231
239
247
255
261
268
269
269
269
269
269
269
269
269
276
276
276
276
274
271
268
265
263
262
262
263
269
279
296
314
346
358
394
419
442
457
474
483
490
493
495
496
496
496
496
494
490
482
469
457
444
438
433
431
430
430
430
430
434
446
460
492
517
535
556
572
586
597
608
614
620
625
629
633
636
642
645
653
659
666
671
675
681
686
690
693
696
697
698
698
698
698
698
698
698
698
698
698
698
698
698
698
698
698
698
698
698
698
698
698
698
698
698
698
698
698
698
698
698
698
698
698
698
698
698
698
698
698
698
698
698
698
698
698
698
698
698
698
698
698
698
698
698
698
698
698
698
698
698
698
698
698
698
698
698
698
698
698
698
698
698
698
698
698
698
698
698
698
698
698
698
698
698
698
698
698
698
698
698
698
698
698
698
698
698
698
698
698
698
698
698
698
698
698
698
698
698
698
698
698
698
698
698
698
698
698
698
698
698
698
698
698
698
698
698
698
698
698
698
698
698
698
698
698
698
698
698
698
698
698
698
698
698
698
698
698
698
698
698
698
698
698
698
698
698
698
698
698
698
698
698
698
698
698
698
698
698
698
698
698
698
698
698
698
698
698
698
698
698
698
698
698
698
698
698
698
698
698
698
698
698
698
698
698
698
698
698
698
698
698
698
698
698
698
698
698
698
698
698
698
698
698
698
698
698
698
698
698
698
698
698
698
698
698
698
698
698
698
698
698
698
698
698
698
698
698
698
698
698
698
698
698
698
698
698
698
698
698
698
698
698
698
698
698
698
698
698
698
698
698
698
698
698
698
698
698
698
698
698
698
698
698
698
698
698
698
698
698
698
698
698
698
698
698
698
698
698
698
698
698
698
698
698
698
698
698
698
698
698
698
698
698
698
698
698
698
698
698
698
698
698
698
698
698
698
698
698
698
698
698
698
698
698
698
698
698
698
698
698
698
698
698
698
698
698
698
698
698
698
698
698
698
698
698
698
698
698
698
698
698
698
698
698
698
698
698
698
698
698
698
698
698
698
698
698
698
698
698
698
698
698
698
698
698
698
698
698
698
698
698
698
698
698
698
698
698
698
698
698
698
698
698
698
698
698
698
698
698
698
698
698
698
698
698
698
698
698
698
698
698
698
698
698
698
698
698
698
698
698
698
698
698
698
698
698
698
698
698
698
698
698
698
698
698
698
698
698
698
698
698
698
698
698
698
698
698
698
698
698
698
698
698
698
698
698
698
698
698
698
698
698
698
698
698
698
698
698
698
698
698
698
698
698
698
698
698
698
698
698
698
698
698
698
698
698
698
698
698
698
698
698
698
698
698
698
698
698
698
698
698
698
698
698
698
698
698
698
698
698
698
698
698
698
698
698
698
698
698
698
698
698
698
698
698
698
698
698
698
698
698
698
698
698
698
698
698
698
698
698
698
698
698
698
698
698
698
698
698
698
698
698
698
698
698
698
698
698
698
698
698
698
698
698
698
698
698
698
698
698
698
698
698
698
698
698
698
698
698
698
698
698
698
698
698
698
698
698
698
698
698
698
698
698
698
698
698
698
698
698
698
698
698
698
698
698
698
698
698
698
698
698
698
698
698
698
698
698
698
698
698
698
698
698
698
698
698
698
698
698
698
698
698
698
698
698
698
698
698
698
698
698
698
698
698
698
698
698
698
698
698
698
698
698
698
698
698
698
698
698
698
698
698
698
698
698
698
698
698
698
698
698
698
698
698
698
698
698
698
698
698
698
698
698
698
698
698
698
698
698
698
698
698
698
698
698
698
698
698
698
698
698
698
698
698
698
698
698
698
698
698
698
698
698
698
698
698
698
698
698
698
698
698
698
698
698
698
698
698
698
698
698
698
698
698
698
698
698
698
698
698
698
698
698
698
698
698
698
698
698
698
698
698
698
698
698
698
698
698
698
698
698
698
698
698
698
698
698
698
698
698
698
698
698
698
698
698
698
698
698
698
698
698
698
698
698
698
698
698
698
698
698
698
698
698
698
698
698
698
698
698
698
698
698
698
698
698
698
698
698
698
698
698
698
698
698
698
698
698
698
698
698
698
698
698
698
698
698
698
698
698
698
698
698
698
698
698
698
698
698
698
698
698
698
698
698
698
698
698
698
698
698
698
698
698
698
698
698
698
698
698
698
698
698
698
698
698
698
698
698
698
698
698
698
698
698
