0
0
0
0
0
0
0
0
0
0
0
0
0
0
0
0
0
0
0
0
0
0
0
0
0
0
0
0
0
0
0
0
0
0
219
217
211
204
200
184
176
147
135
119
108
97
82
78
62
52
41
35
26
24
19
18
18
18
18
19
26
31
43
47
59
77
86
106
112
133
140
163
185
189
205
224
245
254
281
305
312
334
355
363
380
403
411
435
444
467
480
501
524
550
566
597
608
640
651
685
709
733
757
781
805
843
855
890
913
936
971
984
1021
1032
1059
1076
1090
1107
1112
1130
1151
1163
1183
1191
1215
1223
1242
1265
1272
1272
1272
1272
1272
1272
1272
1272
1272
1272
1272
1272
1272
1272
1272
1272
1272
1272
1272
1272
1272
1272
1272
1272
1272
1272
1272
1272
1272
1272
1272
1272
1272
1272
1272
1272
1272
1272
1272
1272
1272
1272
1272
1272
1272
1272
1272
1272
1272
1272
1272
1272
1272
1272
1272
1272
1272
1272
1272
1272
1272
1272
1272
1272
1272
1272
1272
1272
1272
1272
1272
1272
1272
1272
1272
1272
1272
1272
1272
1272
1272
1272
1272
1272
1272
1272
1272
1272
1272
1272
1272
1272
1272
1272
1272
1272
1272
1272
1272
1272
1272
1272
1272
1272
1272
1272
1272
1272
1272
1272
1272
1272
1272
1272
1272
1272
1272
1272
1272
1272
1272
1272
1272
1272
1272
1272
1272
1272
1272
1272
1272
1272
1272
1272
1272
1272
1272
1272
1272
1272
1272
1272
1272
1272
1272
1272
1272
1272
1272
1272
1272
1272
1272
1272
1272
1272
1272
1272
1272
1272
1272
1272
1272
1272
1272
1272
1272
1272
1272
1272
1272
1272
1272
1272
1272
1272
1272
1272
1272
1272
1272
1272
1272
1272
1272
1272
1272
1272
1272
1272
1272
1272
1272
1272
1272
1272
1272
1272
1272
1272
1272
1272
1272
1272
1272
1272
1272
1272
1272
1272
1272
1272
1272
1272
1272
1272
1272
1272
1272
1272
1272
1272
28
28
28
27
27
27
27
27
27
27
27
27
27
27
27
27
27
27
27
27
27
27
27
27
27
27
27
27
27
27
27
27
27
27
27
27
27
27
27
27
27
27
27
27
27
27
27
27
27
27
27
27
27
27
27
27
27
27
27
27
27
27
27
27
27
27
27
27
27
27
27
27
27
27
28
28
29
30
31
32
33
36
37
41
41
45
48
50
55
58
64
65
71
74
76
80
84
85
89
91
94
96
99
101
105
106
109
111
114
115
117
120
122
124
126
128
129
130
130
131
131
132
132
132
132
132
132
132
132
132
132
132
132
132
132
132
132
132
132
132
132
132
132
132
132
132
132
132
132
132
132
132
132
132
132
132
132
132
132
132
132
132
132
132
132
132
132
132
132
132
132
132
132
132
132
132
132
132
132
132
132
132
132
132
132
132
132
132
132
132
132
132
132
132
132
132
132
131
128
124
123
119
117
115
113
112
109
105
104
100
99
95
92
89
87
84
82
78
77
73
72
69
67
65
63
61
60
58
57
57
56
56
56
56
56
58
59
63
65
70
73
74
79
81
84
86
89
90
94
95
99
100
104
106
108
109
112
113
115
116
119
120
124
127
129
132
135
138
142
144
148
150
154
159
164
167
169
175
178
186
191
198
200
207
211
216
223
226
233
235
242
244
250
253
257
259
261
263
264
265
265
266
266
266
266
266
265
263
259
254
245
242
236
229
221
213
205
192
188
175
171
159
155
143
136
131
125
117
115
110
107
105
103
103
103
103
103
103
103
103
103
103
103
103
103
103
103
103
103
103
103
103
103
103
103
103
103
103
103
103
103
103
103
103
103
103
103
103
103
103
103
103
103
103
103
103
103
103
103
103
103
103
103
103
103
103
103
103
103
103
103
103
103
103
103
103
103
103
103
103
103
103
103
103
103
103
103
103
103
103
103
103
104
104
105
106
107
109
111
113
118
119
123
130
132
139
143
144
151
156
160
170
173
185
198
202
218
224
242
249
262
284
298
312
327
343
358
374
390
405
427
435
457
465
486
506
528
538
560
581
593
602
625
639
660
666
683
689
701
708
719
722
730
740
743
753
757
767
775
782
790
803
808
822
833
842
859
866
892
896
918
941
949
956
984
1000
1013
1035
1052
1065
1096
1100
1123
1130
1151
1157
1174
1178
1192
1206
1212
1227
1232
1247
1252
1261
1275
1275
1275
1275
1275
1275
1275
1275
1275
1275
1275
1275
1275
1275
1275
1275
1275
1275
1275
1275
1275
1275
1275
1275
1275
1275
1275
1275
1275
1275
1275
1275
1275
1275
1275
1275
1275
1275
1275
1275
1275
1275
1275
1275
1275
1275
1275
1275
1275
1275
1275
1275
1275
1275
1275
1275
1275
1275
1275
1275
1275
1275
1275
1275
1275
1275
1275
1275
1275
1275
1275
1275
1275
1275
1275
1275
1275
1275
1275
1275
1275
1275
1275
1275
1275
1275
1275
1275
1275
1275
1275
1275
1275
1275
1275
1275
1275
1275
1275
1275
1275
1275
1275
1275
1275
1275
1275
1275
1275
1275
1275
1275
1275
1275
1275
1275
1275
1275
1275
1275
1275
1275
1275
1275
1275
1275
1275
1275
1275
1275
1275
1275
1275
1275
1275
1275
1275
1275
1275
1275
1275
1275
1275
1275
1275
1275
1275
1275
1275
1275
1275
1275
1275
1275
1275
1275
1275
1275
1275
1275
1275
1275
1275
1275
1275
1275
1275
1275
1275
1275
1275
1275
1275
1275
1275
1275
1275
1275
1275
1275
1275
1275
1275
1275
1275
1275
1275
1275
1275
1275
1275
1275
1275
1275
1275
1275
1275
1275
1275
1275
1275
1275
1275
1275
1275
1275
1275
1275
1275
1275
1275
1275
1275
1275
1275
1275
1275
1275
1275
1275
1275
1275
1275
1275
1275
1275
1275
1275
1275
1275
1275
1275
1275
1275
1275
1275
1275
1275
1275
1275
1275
1275
1275
1275
1275
1275
1275
1275
1275
1275
1275
1275
1275
1275
1275
89
92
95
100
100
103
105
107
110
113
121
124
137
142
164
179
194
210
225
240
258
273
295
302
323
329
351
359
378
385
406
413
439
460
469
493
515
537
560
585
631
646
692
705
741
746
771
777
789
792
799
805
807
810
813
814
815
816
816
816
814
813
808
806
800
793
792
785
781
774
772
765
762
758
752
748
746
739
737
731
726
722
718
708
705
700
688
685
674
670
658
657
643
635
628
623
612
605
597
585
581
573
566
555
547
540
532
529
516
508
504
493
480
476
467
458
448
433
428
417
414
407
405
401
400
398
396
395
395
395
395
395
395
398
399
403
405
406
410
414
419
424
433
436
443
450
458
466
475
487
491
504
509
522
527
540
550
559
568
578
588
598
614
619
634
643
648
661
666
680
689
697
705
712
719
724
731
737
743
748
756
765
769
779
783
793
801
812
815
826
830
836
844
851
861
867
873
877
884
888
894
899
904
905
909
910
912
913
914
915
915
916
916
916
916
916
916
916
916
916
914
914
910
909
907
905
903
897
894
887
885
880
879
874
870
866
862
857
853
847
843
833
829
819
815
804
796
791
777
762
757
739
733
718
702
686
654
649
615
604
579
561
534
506
472
461
427
415
392
370
346
331
308
299
274
266
244
230
210
204
189
185
175
162
157
144
140
131
128
120
118
111
110
104
101
98
96
95
95
95
95
95
95
96
98
100
105
111
117
126
141
148
174
178
201
232
238
276
286
319
342
365
388
423
434
468
473
512
517
544
564
580
617
628
662
673
708
732
757
769
810
837
866
896
929
980
998
1049
1082
1099
1151
1192
1229
1266
1266
1266
1266
1266
1266
1266
1266
1266
1266
1266
1266
1266
1266
1266
1266
1266
1266
1266
1266
1266
1266
1266
1266
1266
1266
1266
1266
1266
1266
1266
1266
1266
1266
1266
1266
1266
1266
1266
1266
1266
1266
1266
1266
1266
1266
1266
1266
1266
1266
1266
1266
1266
1266
1266
1266
1266
1266
1266
1266
1266
1266
1266
1266
1266
1266
1252
1224
1157
1117
1038
988
935
857
830
747
720
637
612
535
513
459
419
401
364
344
327
320
301
287
285
275
272
267
266
265
265
264
264
263
262
259
254
246
243
235
224
220
208
205
196
193
188
187
185
185
185
185
185
185
185
185
185
185
185
185
185
185
185
185
185
185
185
185
185
185
185
185
185
185
185
185
185
185
185
185
185
185
185
185
185
185
185
185
185
185
185
185
185
