0
0
0
0
0
0
0
0
0
0
0
0
0
0
0
0
0
0
0
0
0
0
0
0
0
0
0
0
0
0
0
0
0
0
0
203
204
204
206
207
211
213
219
224
232
242
260
272
286
299
316
327
342
346
360
364
380
385
402
412
417
432
441
451
470
478
497
497
497
497
497
497
497
497
497
497
497
497
497
497
497
497
497
497
497
497
497
497
497
497
497
497
497
497
497
497
497
497
497
497
497
497
497
497
497
497
497
497
497
497
497
497
497
497
497
497
497
497
497
769
775
794
800
824
847
861
881
889
912
928
943
957
978
999
1015
1024
1024
1024
1024
1024
1024
1024
1024
1024
1024
1024
1024
1024
1024
1024
1024
1024
1024
1024
1024
1024
1024
1024
1024
1024
1024
1024
1024
1024
1024
1024
1024
1024
1024
1024
1024
1024
1024
1024
1024
1024
1024
1024
1024
1024
1024
1024
1024
1024
1024
1006
1000
997
991
987
983
979
976
975
970
968
963
960
954
952
947
945
937
929
927
920
918
912
907
905
905
905
905
905
905
905
905
905
905
905
905
905
905
905
905
905
905
905
905
905
905
813
809
805
798
794
785
779
768
767
759
748
745
735
728
726
720
715
709
704
699
694
686
682
673
669
659
657
646
640
629
625
616
610
603
595
591
584
581
574
567
564
558
554
550
546
541
536
531
528
521
519
512
503
500
491
486
484
475
471
462
455
450
440
438
428
424
417
412
409
402
395
393
389
385
378
374
368
366
359
355
351
347
342
340
334
328
326
321
317
315
312
309
306
302
299
294
289
287
280
279
271
265
260
253
247
239
229
226
219
217
214
213
213
213
213
213
213
213
213
213
213
213
213
213
213
213
213
213
213
213
213
213
213
213
213
213
213
214
214
215
218
220
228
238
243
259
275
280
295
308
320
326
348
362
377
391
405
428
443
450
472
486
500
520
526
544
554
556
564
566
569
569
570
570
570
570
570
570
570
569
568
566
566
564
562
560
556
554
547
542
533
530
521
518
510
507
494
491
481
478
469
469
469
469
469
469
469
469
469
469
469
469
469
469
469
469
469
469
469
469
469
410
410
410
410
410
410
409
409
408
408
406
406
405
404
404
403
403
403
402
400
400
400
400
400
400
400
400
400
400
400
400
400
400
400
400
400
400
400
400
400
400
400
400
400
400
400
399
397
388
374
369
351
345
328
316
303
291
286
269
256
249
241
235
224
217
208
202
198
191
184
178
175
168
166
160
158
152
148
146
143
140
139
137
136
134
132
130
128
125
122
121
118
118
116
113
113
110
109
106
104
102
101
100
99
99
99
99
99
99
99
99
99
99
99
99
99
99
99
99
99
99
99
99
99
99
99
99
99
99
99
99
99
99
99
99
99
99
99
99
99
99
99
99
99
99
99
99
99
99
99
99
99
99
99
99
99
99
99
99
99
99
99
99
99
99
99
99
99
99
99
99
99
99
99
99
99
99
99
99
99
99
98
98
97
97
96
96
95
95
95
94
93
93
92
91
91
90
90
90
90
90
90
90
90
90
90
90
92
93
95
96
100
105
110
113
116
122
131
134
137
146
148
154
155
161
165
170
172
176
177
181
182
185
188
190
192
196
197
201
203
208
214
219
225
232
235
246
250
255
262
265
272
278
281
285
292
294
300
302
306
311
314
318
319
325
326
329
331
332
333
333
333
333
333
333
333
333
333
333
333
333
333
333
333
333
333
333
333
333
333
333
333
333
333
333
333
333
333
333
333
333
333
333
333
333
333
333
333
333
333
335
336
339
341
345
347
352
356
359
364
365
370
373
376
377
381
382
385
387
390
392
394
398
402
403
407
408
411
412
414
414
417
418
420
423
425
427
430
432
435
437
441
443
446
451
452
458
460
467
471
475
477
482
486
489
492
495
499
500
503
505
507
508
510
511
514
518
520
524
526
531
535
540
543
546
552
557
561
567
571
577
579
586
587
592
594
598
602
604
609
611
616
621
623
626
629
634
640
643
650
652
659
665
666
675
679
686
688
693
695
699
701
706
711
714
717
721
726
728
733
734
741
742
748
749
753
755
757
758
759
759
760
760
760
760
760
760
760
760
760
760
760
760
760
760
760
760
760
760
760
760
760
760
760
760
760
760
760
760
760
760
767
771
777
781
786
792
799
804
811
813
818
819
823
825
829
832
836
839
844
846
851
852
858
865
867
874
877
885
886
893
898
905
908
912
912
912
912
912
912
912
912
912
912
912
912
912
912
912
912
978
982
986
992
997
1001
1008
1010
1015
1017
1023
1027
1031
1034
1036
1041
1044
1046
1052
1056
1061
1062
1067
1068
1072
1074
1078
1082
1084
1090
1091
1096
1096
1096
1096
1096
1096
1096
1096
1096
1096
1096
1096
1096
1096
1096
1096
1096
1096
1096
1096
1096
1096
1096
1096
1096
1096
1096
1096
1096
1096
1096
1096
1195
1195
1196
1196
1198
1199
1201
1204
1207
1208
1212
1216
1218
1221
1224
1226
1229
1230
1234
1235
1236
1237
1238
1238
1238
1239
1239
1239
1239
1239
1239
1239
1239
1239
1239
1239
1239
1239
1239
1239
1239
1239
1239
1239
1239
1239
1239
1239
1239
1239
1239
1239
1239
1239
1239
1239
1239
1239
1239
1239
1239
1239
1239
1239
1238
1238
1237
1237
1237
1237
1237
1237
1237
1237
1237
1237
1237
1237
1237
1237
1237
1237
1237
1237
1237
1237
1237
1237
1237
1237
1237
1237
1237
1237
1237
1237
1237
1237
1237
1237
1237
1237
1237
139
134
127
124
123
122
122
122
121
121
121
121
121
121
121
121
121
121
121
121
121
121
121
121
121
121
121
121
121
121
121
121
122
122
122
122
122
122
122
123
123
123
123
123
123
123
123
123
123
123
123
123
123
123
123
123
123
123
123
123
123
123
123
123
123
123
123
123
123
123
123
123
123
123
123
123
123
123
123
123
123
123
123
123
123
123
123
123
123
123
123
123
123
123
123
123
123
123
123
123
123
123
123
123
123
123
123
123
123
123
123
124
132
143
153
164
182
195
225
237
281
296
325
347
365
380
386
398
403
407
409
411
413
414
415
415
415
415
415
415
415
415
415
415
415
415
415
415
415
415
415
415
415
415
415
415
415
415
415
415
415
415
415
415
415
415
415
415
415
415
415
415
415
415
415
415
415
415
415
415
415
415
415
415
415
415
415
415
415
420
428
446
460
482
502
523
547
563
591
614
638
652
697
730
779
827
859
889
927
962
993
1009
1047
1071
1076
1103
1130
1137
1151
1168
1173
1180
1183
1184
1184
1182
1180
1171
1168
1161
1150
1132
1125
1105
1091
1078
1059
1039
1021
1005
989
967
958
936
913
903
873
864
838
811
796
770
761
737
724
704
698
678
672
651
645
625
618
598
578
571
551
532
526
514
497
491
476
470
452
445
427
420
401
390
378
367
356
346
332
328
319
308
304
295
291
282
280
270
265
255
252
245
238
228
225
212
209
200
193
191
186
180
177
174
171
167
165
163
160
160
158
157
157
157
157
160
165
176
185
203
209
231
252
264
285
307
316
339
365
373
396
412
426
440
460
468
488
496
525
537
559
572
587
604
621
643
660
677
693
718
734
750
758
784
814
823
837
868
873
898
921
935
959
967
990
1004
1018
1031
1037
1054
1060
1079
1085
1104
1122
1128
1141
1149
1157
1165
1174
1177
1186
1188
1197
1202
1207
1211
1214
1215
1216
1216
1216
1216
1216
1216
1214
1212
1210
1209
1205
1199
1196
1186
1182
1168
1158
1149
1139
1130
1121
1112
1103
1092
1088
1080
1073
1070
1063
1060
1052
1050
1045
1039
1037
1031
1025
1024
1019
1018
1013
1011
1005
1001
997
992
987
985
982
979
975
974
970
968
966
965
961
959
952
946
944
935
924
920
910
908
898
895
891
882
880
873
871
865
856
853
846
841
835
828
816
813
802
797
790
777
771
757
751
735
725
715
702
698
687
680
673
662
654
650
639
635
625
616
615
610
609
608
608
608
608
608
608
608
608
608
608
608
608
608
608
608
608
608
608
608
608
608
608
608
608
608
599
581
564
524
502
453
415
406
393
388
387
387
387
388
389
389
389
389
389
389
389
389
389
389
389
389
389
389
389
389
389
389
389
389
389
389
389
389
389
389
389
389
389
389
389
389
389
389
389
389
389
389
